[4092,8190,14343,12291,12291,12291,12291,14343,8190,4092],	#0
[0,12300,12302,12303,16383,16383,12288,12288,12288,0],		#1
[0,14342,15367,15875,14083,13187,12739,12543,12414,0],		#2
[0,6150,14343,12291,12483,12483,12483,14535,8190,3900],		#3
[127,255,192,192,192,192,192,16383,16383,192],				#4
[12415,12415,12387,12387,12387,12387,12387,14563,8131,3971],#5
[4094,8191,14563,12387,12387,12387,12387,14563,8135,3974],	#6
[3,3,3,3,14339,16131,1987,243,63,15],						#7
[3868,8190,14823,12483,12483,12483,12483,14823,8190,3900],	#8
[60,6270,14567,12483,12483,12483,12483,14567,8190,4092],	#9
[0,0,0,0,1560,1560,0,0,0,0],								#:
[0,3584,2560,1536,0,3584,512,3584,512,3584],				#am
[0,15872,2560,3584,0,3584,512,3584,512,3584],				#pm